ni1= 1
ni2= 1
ni3= 1
ni4= 1
ni5= 1
ni6= 1.11269
ni7= 1.14112
ni8= 1.33608
ni9= 1
ni10= 1
ni11= 1
ni12= 1
ni13= 1
ni14= 1.19678
ni15= 1.25911
ni16= 1.31521
ni17= 1.20314
ni18= 1.20841
ni19= 1.16467
ni20= 1.35811
ni21= 1
ni22= 1
ni23= 1.31843
ni24= 1
ni25= 1
ni26= 1
ni27= 1
ni28= 1
ni29= 1.01743
ni30= 1.25168
ni31= 1.19622
ni32= 1.47149
ni33= 1.85163
ni34= 1.48928
ni35= 1.24324
ni36= 1.21421
ni37= 2.37263
